# [ [ f0->f0, f0->f1, f0->f2, .... , f0->m0, f0->m1, ... f0->m8 ],
#   [ f1->f0, f1->f1, f1->f2, .... , f1->m0, f1->m1, ... f1->m8 ],
#   [ f2->f0, f2->f1, f2->f2, .... , f2->m0, f2->m1, ... f2->m8 ],
# ...
#   [ m0->f0, m0->f1, m0->f2, .... , m0->m0, m0->m1, ... m0->m8 ] ]

pvvc_E0 = [ [ 1.6e-1, 3.e-2, 2.e-2, 3.e-2, 2.344e-2, 1.72e-2, 2.019e-2, 1.683e-2, 1.461e-2, 2.1063e-1, 8.632e-2, 4.596e-2, 8.741e-2, 5.649e-2, 4.016e-2, 4.623e-2, 3.996e-2, 3.421e-2 ],
			[ 3.669e-2, 1.4969e-1, 3.668e-2, 2.464e-2, 2.985e-2, 2.345e-2, 1.783e-2, 1.834e-2, 1.732e-2, 8.736e-2, 1.6879e-1, 8.797e-2, 5.765e-2, 6.892e-2, 5.554e-2, 3.915e-2, 4.103e-2, 3.91e-2 ],
			[ 2.025e-2, 3.677e-2, 1.6392e-1, 1.725e-2, 2.483e-2, 3.657e-2, 1.455e-2, 1.673e-2, 1.946e-2, 4.612e-2, 8.746e-2, 2.0889e-1, 4.03e-2, 5.899e-2, 8.867e-2, 3.334e-2, 3.997e-2, 4.593e-2 ],
			[ 3.516e-2, 2.449e-2, 1.744e-2, 1.496e-1, 2.948e-2, 1.782e-2, 3.66e-2, 2.418e-2, 1.734e-2, 8.83e-2, 5.726e-2, 3.984e-2, 1.6805e-1, 7.073e-2, 4.009e-2, 8.634e-2, 5.725e-2, 4.003e-2 ],
			[ 2.369e-2, 2.94e-2, 2.404e-2, 2.947e-2, 1.3524e-1, 2.975e-2, 2.362e-2, 2.938e-2, 2.40e-2, 5.751e-2, 7.238e-2, 5.714e-2, 7.299e-2, 1.4045e-1, 7.047e-2, 5.693e-2, 6.817e-2, 5.645e-2 ],
			[ 1.769e-2, 2.438e-2, 3.653e-2, 1.743e-2, 2.881e-2, 1.4873e-1, 1.677e-2, 2.424e-2, 3.596e-2, 3.903e-2, 5.723e-2, 8.711e-2, 4.006e-2, 7.046e-2, 1.7014e-1, 3.921e-2, 5.779e-2, 8.852e-2 ],
			[ 2.015e-2, 1.735e-2, 1.419e-2, 3.691e-2, 2.456e-2, 1.749e-2, 1.6537e-1, 3.577e-2, 2.066e-2, 4.629e-2, 3.972e-2, 3.363e-2, 8.746e-2, 5.688e-2, 4.037e-2, 2.1099e-1, 8.656e-2, 4.583e-2 ],
			[ 1.754e-2, 1.818e-2, 1.748e-2, 2.452e-2, 2.998e-2, 2.358e-2, 3.653e-2, 1.4783e-1, 3.602e-2, 4.006e-2, 3.992e-2, 3.978e-2, 5.738e-2, 6.916e-2, 5.747e-2, 8.752e-2, 1.7012e-1, 8.693e-2 ],
			[ 1.45e-2, 1.724e-2, 2.126e-2, 1.805e-2, 2.421e-2, 3.595e-2, 1.955e-2, 3.625e-2, 1.649e-1, 3.389e-2, 3.917e-2, 4.805e-2, 4.031e-2, 5.619e-2, 8.758e-2, 4.549e-2, 8.818e-2, 2.0923e-1 ],
			[ 9.213e-2, 3.909e-2, 2.034e-2, 3.872e-2, 2.491e-2, 1.708e-2, 2.164e-2, 1.753e-2, 1.501e-2, 2.5223e-1, 9.522e-2, 4.738e-2, 9.622e-2, 5.939e-2, 4.102e-2, 4.758e-2, 4.041e-2, 3.41e-2 ],
			[ 3.873e-2, 7.559e-2, 3.845e-2, 2.529e-2, 3.129e-2, 2.536e-2, 1.752e-2, 1.774e-2, 1.733e-2, 9.619e-2, 2.0333e-1, 9.569e-2, 5.743e-2, 7.611e-2, 5.951e-2, 4.195e-2, 4.185e-2, 4.082e-2 ],
			[ 2.12e-2, 3.878e-2, 9.267e-2, 1.769e-2, 2.52e-2, 3.787e-2, 1.452e-2, 1.759e-2, 1.978e-2, 4.735e-2, 9.622e-2, 2.5468e-1, 3.948e-2, 5.918e-2, 9.605e-2, 3.377e-2, 4.093e-2, 4.722e-2 ],
			[ 3.919e-2, 2.396e-2, 1.744e-2, 7.612e-2, 3.038e-2, 1.768e-2, 3.776e-2, 2.489e-2, 1.756e-2, 9.389e-2, 5.899e-2, 4.194e-2, 2.0435e-1, 7.798e-2, 4.098e-2, 9.695e-2, 6.004e-2, 4.017e-2 ],
			[ 2.462e-2, 3.101e-2, 2.515e-2, 3.117e-2, 6.106e-2, 3.085e-2, 2.505e-2, 3.114e-2, 2.476e-2, 6.068e-2, 7.67e-2, 5.867e-2, 7.674e-2, 1.7057e-1, 7.707e-2, 5.8458e-2, 7.77e-2, 5.861e-2 ],
			[ 1.805e-2, 2.441e-2, 3.893e-2, 1.832e-2, 3.167e-2, 7.548e-2, 1.716e-2, 2.505e-2, 3.829e-2, 4.03e-2, 5.895e-2, 9.512e-2, 4.085e-2, 7.78e-2, 2.0418e-1, 4.043e-2, 5.789e-2, 9.712e-2 ],
			[ 2.039e-2, 1.762e-2, 1.488e-2, 3.85e-2, 2.409e-2, 1.719e-2, 9.413e-2, 3.936e-2, 2.077e-2, 4.719e-2, 3.999e-2, 3.436e-2, 9.477e-2, 5.847e-2, 4.069e-2, 2.5418e-1, 9.534e-2, 4.808e-2 ],
			[ 1.748e-2, 1.786e-2, 1.801e-2, 2.534e-2, 3.146e-2, 2.469e-2, 3.84e-2, 7.32e-2, 3.794e-2, 4.063e-2, 4.142e-2, 3.959e-2, 5.90e-2, 7.732e-2, 5.949e-2, 9.547e-2, 2.0625e-1, 9.663e-2 ],
			[ 1.452e-2, 1.748e-2, 2.113e-2, 1.807e-2, 2.441e-2, 3.781e-2, 2.041e-2, 3.824e-2, 9.381e-2, 3.353e-2, 4.034e-2, 4.823e-2, 4.109e-2, 5.9e-2, 9.573e-2, 4.716e-2, 9.617e-2, 2.5231e-1 ] ]


pvvc_E1 = [ [ 2.1096e-1, 1.974e-2, 5.42e-3, 1.99e-2, 7.61e-3, 2.51e-3, 5.34e-3, 2.56e-3, 1.73e-3, 4.1434e-1, 9.73e-2, 2.304e-2, 9.664e-2, 3.667e-2, 1.292e-2, 2.289e-2, 1.239e-2, 8.04e-3 ],
			[ 1.995e-2, 1.9535e-1, 2.069e-2, 6.95e-3, 1.533e-2, 7.21e-3, 2.8e-3, 4.26e-3, 2.84e-3, 9.81e-2, 3.3757e-1, 9.692e-2, 3.701e-2, 7.463e-2, 3.721e-2, 1.254e-2, 1.783e-2, 1.281e-2 ],
			[ 5.2e-3, 2.032e-2, 2.0918e-1, 2.61e-3, 7.61e-3, 1.993e-2, 1.60e-3, 2.59e-3, 5.11e-3, 2.307e-2, 9.79e-2, 4.1356e-1, 1.304e-2, 3.81e-2, 9.675e-2, 7.42e-3, 1.282e-2, 2.319e-2 ],
			[ 1.938e-2, 7.63e-3, 2.48e-3, 1.9584e-1, 1.548e-2, 4.00e-3, 1.958e-2, 7.3e-3, 2.98e-3, 9.776e-2, 3.67e-2, 1.29e-2, 3.3735e-1, 7.448e-2, 1.84e-2, 9.768e-2, 3.663e-2, 1.343e-2 ],
			[ 6.97e-3, 1.539e-2, 7.43e-3, 1.534e-2, 1.8412e-1, 1.473e-2, 6.99e-3, 1.469e-2, 7.37e-3, 3.601e-2, 7.475e-2, 3.709e-2, 7.551e-2, 2.8293e-1, 7.259e-2, 3.762e-2, 7.379e-2, 3.668e-2 ],
			[ 2.43e-3, 7.61e-3, 1.948e-2, 4.38e-3, 1.433e-2, 1.9506e-1, 2.77e-3, 7.62e-3, 2.013e-2, 1.314e-2, 3.636e-2, 9.874e-2, 1.785e-2, 7.206e-2, 3.4103e-1, 1.274e-2, 3.713e-2, 9.714e-2 ],
			[ 5.22e-3, 2.75e-3, 1.72e-3, 2.02e-2, 7.92e-3, 2.73e-3, 2.1096e-1, 2.005e-2, 5.17e-3, 2.33e-2, 1.288e-2, 7.62e-3, 9.81e-2, 3.65e-2, 1.297e-2, 4.1126e-1, 9.724e-2, 2.341e-2 ],
			[ 2.53e-3, 3.93e-3, 2.69e-3, 7.51e-3, 1.514e-2, 7.3e-3, 2.028e-2, 1.9425e-1, 2.008e-2, 1.368e-2, 1.683e-2, 1.279e-2, 3.768e-2, 7.415e-2, 3.747e-2, 9.792e-2, 3.3914e-1, 9.663e-2 ],
			[ 1.70e-3, 2.57e-3, 5.04e-3, 2.82e-3, 7.70e-3, 2.003e-2, 5.27e-3, 2.024e-2, 2.1006e-1, 7.63e-3, 1.235e-2, 2.313e-2, 1.298e-2, 3.747e-2, 9.756e-2, 2.333e-2, 9.836e-2, 4.1176e-1 ],
			[ 8.894e-2, 2.103e-2, 5.19e-3, 2.043e-2, 7.58e-3, 2.82e-3, 5.38e-3, 2.76e-3, 1.61e-3, 5.0505e-1, 1.1004e-1, 2.161e-2, 1.1279e-1, 3.91e-2, 1.33e-2, 2.169e-2, 1.328e-2, 7.40e-3 ],
			[ 2.059e-2, 7.193e-2, 2.089e-2, 7.69e-3, 1.576e-2, 8.15e-3, 2.96e-3, 3.82e-3, 2.8e-3, 1.1097e-1, 4.1435e-1, 1.1069e-1, 3.999e-2, 8.41e-2, 4.139e-2, 1.346e-2, 1.729e-2, 1.317e-2 ],
			[ 5.17e-3, 2.065e-2, 8.753e-2, 2.7e-3, 7.72e-3, 2.06e-2, 1.57e-3, 2.63e-3, 4.57e-3, 2.241e-2, 1.1171e-1, 5.0429e-1, 1.273e-2, 3.967e-2, 1.1082e-1, 8.39e-3, 1.359e-2, 2.325e-2 ],
			[ 2.096e-2, 7.34e-3, 2.67e-3, 7.421e-2, 1.567e-2, 3.91e-3, 2.001e-2, 7.51e-3, 2.67e-3, 1.1134e-1, 3.979e-2, 1.434e-2, 4.139e-1, 8.379e-2, 1.588e-2, 1.1287e-1, 3.984e-2, 1.33e-2 ],
			[ 7.84e-3, 1.623e-2, 8.02e-3, 1.562e-2, 6.036e-2, 1.517e-2, 7.84e-3, 1.562e-2, 7.46e-3, 3.997e-2, 8.474e-2, 3.827e-2, 8.405e-2, 3.4577e-1, 8.507e-2, 4.042e-2, 8.674e-2, 4.081e-2 ],
			[ 3.14e-3, 7.99e-3, 2.093e-2, 3.65e-3, 1.586e-2, 7.291e-2, 2.8e-3, 7.92e-3, 2.105e-2, 1.332e-2, 4.092e-2, 1.109e-1, 1.577e-2, 8.558e-2, 4.1389e-1, 1.313e-2, 3.896e-2, 1.1128e-1 ],
			[ 5.01e-3, 2.64e-3, 1.81e-3, 2.098e-2, 7.49e-3, 2.83e-3, 8.855e-2, 2.073e-2, 4.76e-3, 2.218e-2, 1.385e-2, 7.5e-3, 1.1039e-1, 3.92e-2, 1.34e-2, 5.046e-1, 1.117e-1, 2.238e-2 ],
			[ 2.86e-3, 3.71e-3, 2.92e-3, 7.88e-3, 1.535e-2, 7.46e-3, 2.081e-2, 7.202e-2, 2.034e-2, 1.365e-2, 1.696e-2, 1.331e-2, 4.009e-2, 8.373e-2, 3.956e-2, 1.1082e-1, 4.1611e-1, 1.1242e-1 ],
			[ 1.41e-3, 2.94e-3, 5.17e-3, 2.93e-3, 7.45e-3, 2.065e-2, 4.95e-3, 2.044e-2, 9.006e-2, 7.46e-3, 1.34e-2, 2.182e-2, 1.376e-2, 3.963e-2, 1.1029e-1, 2.19e-2, 1.121e-1, 5.0364e-1 ] ]


pvvc_E2 = [ [ 2.4283e-1, 1.266e-2, 1.96e-3, 1.225e-2, 3.23e-3, 4.9e-4, 1.66e-3, 5.80e-4, 2.50e-4, 5.0931e-1, 8.209e-2, 1.028e-2, 8.144e-2, 2.121e-2, 3.85e-3, 1.041e-2, 3.77e-3, 1.73e-3 ],
			[ 1.261e-2, 2.3154e-1, 1.297e-2, 2.92e-3, 9.77e-3, 2.8e-3, 5.5e-4, 1.41e-3, 7.70e-4, 8.245e-2, 4.3515e-1, 8.184e-2, 2.13e-2, 6.671e-2, 2.157e-2, 3.65e-3, 8.07e-3, 3.92e-3 ],
			[ 1.83e-3, 1.27e-2, 2.426e-1, 5.40e-4, 3.18e-3, 1.277e-2, 2.30e-4, 5.5e-4, 1.83e-3, 1.001e-2, 8.267e-2, 5.0771e-1, 3.71e-3, 2.246e-2, 8.141e-2, 1.66e-3, 3.73e-3, 1.041e-2 ],
			[ 1.241e-2, 2.9e-3, 4.60e-4, 2.3247e-1, 9.95e-3, 1.64e-3, 1.251e-2, 3.19e-3, 5.90e-4, 8.294e-2, 2.167e-2, 4.20e-3, 4.3233e-1, 6.64e-2, 7.98e-3, 8.306e-2, 2.077e-2, 4.53e-3 ],
			[ 2.73e-3, 1.008e-2, 3.26e-3, 1.028e-2, 2.2313e-1, 9.92e-3, 2.9e-3, 1.005e-2, 3.04e-3, 2.136e-2, 6.57e-2, 2.136e-2, 6.67e-2, 3.7676e-1, 6.474e-2, 2.219e-2, 6.374e-2, 2.206e-2 ],
			[ 5.80e-4, 3.38e-3, 1.264e-2, 1.64e-3, 9.57e-3, 2.3065e-1, 5.5e-4, 2.99e-3, 1.28e-2, 4.43e-3, 2.051e-2, 8.401e-2, 7.71e-3, 6.426e-2, 4.36e-1, 3.64e-3, 2.187e-2, 8.277e-2 ],
			[ 1.77e-3, 5.4e-4, 2.30e-4, 1.333e-2, 3.33e-3, 6.9e-4, 2.4339e-1, 1.271e-2, 1.83e-3, 1.05e-2, 4.28e-3, 1.57e-3, 8.234e-2, 2.135e-2, 3.86e-3, 5.0571e-1, 8.174e-2, 1.083e-2 ],
			[ 4.40e-4, 1.33e-3, 5.3e-4, 3.25e-3, 1.053e-2, 3.18e-3, 1.278e-2, 2.318e-1, 1.285e-2, 4.15e-3, 7.48e-3, 3.76e-3, 2.112e-2, 6.575e-2, 2.179e-2, 8.245e-2, 4.3486e-1, 8.195e-2 ],
			[ 1.70e-4, 6.40e-4, 1.72e-3, 5.5e-4, 3.32e-3, 1.271e-2, 1.72e-3, 1.297e-2, 2.4266e-1, 1.71e-3, 3.94e-3, 9.98e-3, 3.87e-3, 2.161e-2, 8.241e-2, 1.065e-2, 8.366e-2, 5.0571e-1 ],
			[ 8.273e-2, 1.326e-2, 1.84e-3, 1.293e-2, 3.20e-3, 6.5e-4, 1.76e-3, 6.1e-4, 1.80e-4, 6.2851e-1, 9.92e-2, 9.55e-3, 1.0148e-1, 2.378e-2, 4.49e-3, 9.82e-3, 4.44e-3, 1.57e-3 ],
			[ 1.348e-2, 6.972e-2, 1.353e-2, 3.15e-3, 1.063e-2, 3.56e-3, 7.30e-4, 1.19e-3, 6.8e-4, 9.941e-2, 5.3963e-1, 1.0045e-1, 2.469e-2, 7.848e-2, 2.516e-2, 4.32e-3, 7.18e-3, 4.01e-3 ],
			[ 1.79e-3, 1.295e-2, 8.234e-2, 6.30e-4, 3.38e-3, 1.36e-2, 2.40e-4, 5.80e-4, 1.45e-3, 1.045e-2, 1.0078e-1, 6.2756e-1, 4.25e-3, 2.441e-2, 9.993e-2, 1.68e-3, 4.22e-3, 9.76e-3 ],
			[ 1.331e-2, 3.30e-3, 6.6e-4, 7.33e-2, 1.027e-2, 1.47e-3, 1.324e-2, 3.22e-3, 7.3e-4, 9.986e-2, 2.474e-2, 4.42e-3, 5.3606e-1, 7.873e-2, 6.64e-3, 1.0073e-1, 2.506e-2, 4.26e-3 ],
			[ 3.49e-3, 1.055e-2, 3.73e-3, 1.04e-2, 6.132e-2, 1.006e-2, 3.7e-3, 1.04e-2, 3.34e-3, 2.512e-2, 7.974e-2, 2.39e-2, 7.956e-2, 4.6417e-1, 7.916e-2, 2.409e-2, 8.15e-2, 2.577e-2 ],
			[ 7.70e-4, 3.58e-3, 1.342e-2, 1.13e-3, 1.07e-2, 7.092e-2, 6.20e-4, 3.34e-3, 1.416e-2, 4.24e-3, 2.569e-2, 1.0024e-1, 7.22e-3, 7.956e-2, 5.3687e-1, 4.33e-3, 2.415e-2, 9.906e-2 ],
			[ 1.56e-3, 5.7e-4, 2.10e-4, 1.323e-2, 3.20e-3, 5.6e-4, 8.253e-2, 1.345e-2, 1.51e-3, 1.032e-2, 4.38e-3, 1.76e-3, 9.97e-2, 2.46e-2, 3.92e-3, 6.2769e-1, 1.0102e-1, 9.79e-3 ],
			[ 6.00e-4, 1.22e-3, 7.20e-4, 3.49e-3, 1.026e-2, 3.41e-3, 1.361e-2, 7.097e-2, 1.289e-2, 4.32e-3, 7.33e-3, 3.98e-3, 2.538e-2, 7.90e-2, 2.426e-2, 9.908e-2, 5.3892e-1, 1.0056e-1 ],
			[ 3.00e-4, 7.50e-4, 1.69e-3, 7.2e-4, 3.42e-3, 1.324e-2, 1.69e-3, 1.293e-2, 8.376e-2, 1.55e-3, 4.61e-3, 9.26e-3, 4.71e-3, 2.479e-2, 9.89e-2, 9.70e-3, 1.0145e-1, 6.2653e-1 ] ]


pvvc_E3 = [ [ 2.6465e-1, 1.324e-2, 1.93e-3, 1.264e-2, 3.38e-3, 5.40e-4, 1.68e-3, 6.00e-4, 2.50e-4, 4.9595e-1, 7.879e-2, 9.45e-3, 7.837e-2, 2.031e-2, 3.52e-3, 9.71e-3, 3.50e-3, 1.49e-3 ],
			[ 1.326e-2, 2.4966e-1, 1.35e-2, 3.01e-3, 1.031e-2, 3.07e-3, 5.60e-4, 1.41e-3, 7.80e-4, 7.95e-2, 4.2587e-1, 7.93e-2, 2.041e-2, 6.463e-2, 2.038e-2, 3.46e-3, 7.27e-3, 3.62e-3 ],
			[ 1.77e-3, 1.33e-2, 2.6053e-1, 5.1e-4, 3.38e-3, 1.353e-2, 2.4e-4, 4.9e-4, 1.77e-3, 9.20e-3, 8.013e-2, 4.9718e-1, 3.43e-3, 2.148e-2, 7.869e-2, 1.51e-3, 3.45e-3, 9.41e-3 ],
			[ 1.306e-2, 2.99e-3, 5.4e-4, 2.5046e-1, 1.052e-2, 1.64e-3, 1.306e-2, 3.35e-3, 5.7e-4, 8.02e-2, 2.092e-2, 3.92e-3, 4.2291e-1, 6.426e-2, 7.07e-3, 8.058e-2, 1.99e-2, 4.05e-3 ],
			[ 2.74e-3, 1.057e-2, 3.3e-3, 1.052e-2, 2.4184e-1, 1.052e-2, 3.04e-3, 1.053e-2, 3.16e-3, 2.059e-2, 6.329e-2, 2.058e-2, 6.454e-2, 3.688e-1, 6.241e-2, 2.139e-2, 6.117e-2, 2.101e-2 ],
			[ 5.3e-4, 3.51e-3, 1.33e-2, 1.62e-3, 1.00e-2, 2.5309e-1, 5.4e-4, 3.08e-3, 1.319e-2, 4.15e-3, 1.949e-2, 8.094e-2, 6.91e-3, 6.152e-2, 4.2435e-1, 3.32e-3, 2.086e-2, 7.96e-2 ],
			[ 1.76e-3, 5.7e-4, 2.20e-4, 1.367e-2, 3.52e-3, 6.70e-4, 2.6226e-1, 1.331e-2, 1.77e-3, 9.51e-3, 3.93e-3, 1.43e-3, 7.975e-2, 2.03e-2, 3.52e-3, 4.95e-1, 7.883e-2, 9.98e-3 ],
			[ 4.70e-4, 1.43e-3, 5.50e-4, 3.23e-3, 1.087e-2, 3.41e-3, 1.33e-2, 2.5293e-1, 1.343e-2, 3.86e-3, 6.67e-3, 3.47e-3, 2.017e-2, 6.318e-2, 2.071e-2, 7.948e-2, 4.2372e-1, 7.912e-2 ],
			[ 1.70e-4, 6.9e-4, 1.71e-3, 5.80e-4, 3.39e-3, 1.346e-2, 1.76e-3, 1.368e-2, 2.61e-1, 1.49e-3, 3.60e-3, 8.92e-3, 3.53e-3, 2.082e-2, 7.943e-2, 9.86e-3, 8.068e-2, 4.9523e-1 ],
			[ 8.926e-2, 1.403e-2, 1.83e-3, 1.393e-2, 3.33e-3, 6.70e-4, 1.79e-3, 5.70e-4, 1.80e-4, 6.2612e-1, 9.78e-2, 8.92e-3, 9.98e-2, 2.307e-2, 4.22e-3, 8.97e-3, 4.08e-3, 1.43e-3 ],
			[ 1.445e-2, 7.45e-2, 1.432e-2, 3.42e-3, 1.119e-2, 3.83e-3, 7.30e-4, 1.24e-3, 6.5e-4, 9.784e-2, 5.3846e-1, 9.907e-2, 2.397e-2, 7.773e-2, 2.438e-2, 3.99e-3, 6.51e-3, 3.72e-3 ],
			[ 1.76e-3, 1.398e-2, 8.788e-2, 5.6e-4, 3.41e-3, 1.442e-2, 2.6e-4, 6.10e-4, 1.53e-3, 9.62e-3, 9.928e-2, 6.2597e-1, 3.98e-3, 2.38e-2, 9.846e-2, 1.53e-3, 3.95e-3, 9.00e-3 ],
			[ 1.439e-2, 3.42e-3, 7.1e-4, 7.806e-2, 1.075e-2, 1.44e-3, 1.415e-2, 3.49e-3, 7.30e-4, 9.829e-2, 2.418e-2, 4.05e-3, 5.351e-1, 7.746e-2, 6.24e-3, 9.933e-2, 2.423e-2, 3.98e-3 ],
			[ 3.7e-3, 1.119e-2, 3.78e-3, 1.114e-2, 6.615e-2, 1.077e-2, 3.83e-3, 1.141e-2, 3.47e-3, 2.445e-2, 7.854e-2, 2.334e-2, 7.843e-2, 4.6338e-1, 7.797e-2, 2.341e-2, 8.008e-2, 2.496e-2 ],
			[ 7.1e-4, 3.77e-3, 1.428e-2, 1.14e-3, 1.128e-2, 7.662e-2, 5.9e-4, 3.48e-3, 1.492e-2, 4.01e-3, 2.492e-2, 9.876e-2, 6.75e-3, 7.848e-2, 5.3521e-1, 4.05e-3, 2.362e-2, 9.741e-2 ],
			[ 1.55e-3, 5.90e-4, 2.30e-4, 1.404e-2, 3.37e-3, 6.1e-4, 8.856e-2, 1.433e-2, 1.51e-3, 9.55e-3, 4.12e-3, 1.66e-3, 9.818e-2, 2.394e-2, 3.64e-3, 6.2578e-1, 9.933e-2, 9.01e-3 ],
			[ 6.20e-4, 1.24e-3, 7.20e-4, 3.70e-3, 1.097e-2, 3.63e-3, 1.435e-2, 7.712e-2, 1.358e-2, 4.03e-3, 6.71e-3, 3.75e-3, 2.462e-2, 7.78e-2, 2.355e-2, 9.742e-2, 5.3702e-1, 9.917e-2 ],
			[ 3.10e-4, 7.50e-4, 1.66e-3, 7.70e-4, 3.50e-3, 1.42e-2, 1.69e-3, 1.385e-2, 8.953e-2, 1.42e-3, 4.30e-3, 8.63e-3, 4.36e-3, 2.41e-2, 9.745e-2, 9.02e-3, 9.989e-2, 6.2457e-1 ] ]


pvvc_E4 = [ [ 2.6963e-1, 1.35e-2, 1.92e-3, 1.307e-2, 3.4e-3, 5.40e-4, 1.66e-3, 6.20e-4, 2.60e-4, 4.9301e-1, 7.8e-2, 9.1e-3, 7.768e-2, 1.992e-2, 3.48e-3, 9.38e-3, 3.39e-3, 1.44e-3 ],
			[ 1.327e-2, 2.5874e-1, 1.388e-2, 3.04e-3, 1.04e-2, 3.13e-3, 5.5e-4, 1.38e-3, 7.9e-4, 7.822e-2, 4.2109e-1, 7.806e-2, 2.011e-2, 6.351e-2, 1.998e-2, 3.32e-3, 7.04e-3, 3.49e-3 ],
			[ 1.69e-3, 1.366e-2, 2.6967e-1, 5.2e-4, 3.44e-3, 1.356e-2, 2.5e-4, 4.90e-4, 1.82e-3, 8.92e-3, 7.862e-2, 4.9163e-1, 3.27e-3, 2.108e-2, 7.746e-2, 1.47e-3, 3.35e-3, 9.10e-3 ],
			[ 1.301e-2, 3.06e-3, 5.6e-4, 2.5868e-1, 1.064e-2, 1.58e-3, 1.324e-2, 3.31e-3, 5.5e-4, 7.908e-2, 2.054e-2, 3.8e-3, 4.1883e-1, 6.326e-2, 6.89e-3, 7.943e-2, 1.956e-2, 3.98e-3 ],
			[ 2.73e-3, 1.089e-2, 3.38e-3, 1.066e-2, 2.4757e-1, 1.063e-2, 3.08e-3, 1.062e-2, 3.18e-3, 2.036e-2, 6.244e-2, 2.02e-2, 6.381e-2, 3.6633e-1, 6.179e-2, 2.111e-2, 6.044e-2, 2.078e-2 ],
			[ 5.00e-4, 3.59e-3, 1.354e-2, 1.60e-3, 1.012e-2, 2.5906e-1, 5.2e-4, 3.06e-3, 1.356e-2, 4.03e-3, 1.914e-2, 7.996e-2, 6.64e-3, 6.067e-2, 4.2158e-1, 3.27e-3, 2.052e-2, 7.864e-2 ],
			[ 1.72e-3, 5.60e-4, 2.30e-4, 1.394e-2, 3.52e-3, 6.5e-4, 2.6836e-1, 1.334e-2, 1.83e-3, 9.14e-3, 3.77e-3, 1.38e-3, 7.896e-2, 1.999e-2, 3.45e-3, 4.9146e-1, 7.797e-2, 9.73e-3 ],
			[ 4.90e-4, 1.48e-3, 5.80e-4, 3.3e-3, 1.108e-2, 3.47e-3, 1.34e-2, 2.5629e-1, 1.376e-2, 3.74e-3, 6.46e-3, 3.39e-3, 1.981e-2, 6.267e-2, 2.054e-2, 7.882e-2, 4.2233e-1, 7.839e-2 ],
			[ 1.60e-4, 7.2e-4, 1.71e-3, 5.7e-4, 3.42e-3, 1.339e-2, 1.84e-3, 1.365e-2, 2.6976e-1, 1.42e-3, 3.49e-3, 8.63e-3, 3.45e-3, 2.042e-2, 7.834e-2, 9.52e-3, 7.975e-2, 4.8976e-1 ],
			[ 9.069e-2, 1.452e-2, 1.79e-3, 1.439e-2, 3.34e-3, 6.80e-4, 1.74e-3, 5.7e-4, 1.80e-4, 6.2581e-1, 9.726e-2, 8.66e-3, 9.933e-2, 2.285e-2, 4.12e-3, 8.67e-3, 4.02e-3, 1.38e-3 ],
			[ 1.455e-2, 7.694e-2, 1.478e-2, 3.51e-3, 1.137e-2, 3.92e-3, 7.40e-4, 1.20e-3, 6.6e-4, 9.738e-2, 5.3777e-1, 9.83e-2, 2.368e-2, 7.729e-2, 2.408e-2, 3.91e-3, 6.3e-3, 3.62e-3 ],
			[ 1.71e-3, 1.423e-2, 9.102e-2, 6.3e-4, 3.45e-3, 1.464e-2, 2.70e-4, 5.70e-4, 1.52e-3, 9.38e-3, 9.847e-2, 6.2476e-1, 3.84e-3, 2.36e-2, 9.78e-2, 1.45e-3, 3.88e-3, 8.78e-3 ],
			[ 1.445e-2, 3.49e-3, 6.9e-4, 8.042e-2, 1.1e-2, 1.4e-3, 1.437e-2, 3.52e-3, 7.3e-4, 9.789e-2, 2.403e-2, 3.89e-3, 5.3447e-1, 7.704e-2, 6.06e-3, 9.874e-2, 2.397e-2, 3.84e-3 ],
			[ 3.71e-3, 1.15e-2, 3.84e-3, 1.147e-2, 6.754e-2, 1.104e-2, 3.85e-3, 1.141e-2, 3.55e-3, 2.43e-2, 7.814e-2, 2.314e-2, 7.779e-2, 4.6351e-1, 7.743e-2, 2.323e-2, 7.984e-2, 2.471e-2 ],
			[ 7.2e-4, 3.91e-3, 1.467e-2, 1.14e-3, 1.143e-2, 7.847e-2, 5.80e-4, 3.47e-3, 1.528e-2, 3.94e-3, 2.451e-2, 9.813e-2, 6.57e-3, 7.793e-2, 5.3497e-1, 3.98e-3, 2.349e-2, 9.681e-2 ],
			[ 1.58e-3, 5.90e-4, 2.1e-4, 1.441e-2, 3.40e-3, 6.20e-4, 9.041e-2, 1.451e-2, 1.53e-3, 9.31e-3, 4.01e-3, 1.62e-3, 9.772e-2, 2.369e-2, 3.59e-3, 6.2517e-1, 9.883e-2, 8.8e-3 ],
			[ 6.50e-4, 1.24e-3, 7.20e-4, 3.82e-3, 1.106e-2, 3.67e-3, 1.458e-2, 7.789e-2, 1.415e-2, 3.88e-3, 6.57e-3, 3.65e-3, 2.44e-2, 7.749e-2, 2.343e-2, 9.709e-2, 5.3713e-1, 9.858e-2 ],
			[ 3.00e-4, 7.60e-4, 1.61e-3, 8.00e-4, 3.55e-3, 1.435e-2, 1.65e-3, 1.387e-2, 9.26e-2, 1.38e-3, 4.17e-3, 8.45e-3, 4.25e-3, 2.386e-2, 9.687e-2, 8.89e-3, 9.931e-2, 6.2333e-1 ] ]


pvvc_E5 = [ [ 1.988e-1, 1.024e-2, 1.69e-3, 1.036e-2, 2.70e-3, 3.90e-4, 1.39e-3, 3.80e-4, 1.80e-4, 5.4892e-1, 8.601e-2, 1.128e-2, 8.521e-2, 2.166e-2, 4.04e-3, 1.126e-2, 3.74e-3, 1.75e-3 ],
			[ 9.97e-3, 1.8903e-1, 1.081e-2, 2.26e-3, 8.12e-3, 2.33e-3, 3.9e-4, 1.27e-3, 5.40e-4, 8.713e-2, 4.7172e-1, 8.63e-2, 2.168e-2, 7.05e-2, 2.162e-2, 3.72e-3, 8.63e-3, 3.98e-3 ],
			[ 1.49e-3, 1.058e-2, 1.9703e-1, 4.40e-4, 2.56e-3, 1.029e-2, 1.80e-4, 3.90e-4, 1.63e-3, 1.104e-2, 8.682e-2, 5.4809e-1, 3.59e-3, 2.316e-2, 8.567e-2, 1.67e-3, 3.94e-3, 1.143e-2 ],
			[ 9.97e-3, 2.25e-3, 3.20e-4, 1.8969e-1, 8.38e-3, 1.41e-3, 1.031e-2, 2.53e-3, 4.0e-4, 8.712e-2, 2.218e-2, 4.18e-3, 4.6894e-1, 7.023e-2, 8.94e-3, 8.725e-2, 2.127e-2, 4.63e-3 ],
			[ 2.05e-3, 8.19e-3, 2.58e-3, 8.46e-3, 1.8182e-1, 8.12e-3, 2.25e-3, 8.02e-3, 2.33e-3, 2.168e-2, 7.006e-2, 2.178e-2, 7.051e-2, 4.1046e-1, 6.882e-2, 2.261e-2, 6.769e-2, 2.257e-2 ],
			[ 4.00e-4, 2.76e-3, 1.017e-2, 1.33e-3, 7.96e-3, 1.8877e-1, 4.10e-4, 2.39e-3, 1.055e-2, 4.32e-3, 2.095e-2, 8.876e-2, 8.72e-3, 6.808e-2, 4.7193e-1, 3.63e-3, 2.199e-2, 8.688e-2 ],
			[ 1.57e-3, 4.10e-4, 2.10e-4, 1.088e-2, 2.74e-3, 4.9e-4, 1.983e-1, 1.029e-2, 1.62e-3, 1.151e-2, 4.27e-3, 1.56e-3, 8.666e-2, 2.159e-2, 3.98e-3, 5.4599e-1, 8.61e-2, 1.183e-2 ],
			[ 3.40e-4, 1.14e-3, 4.00e-4, 2.6e-3, 8.63e-3, 2.49e-3, 1.02e-2, 1.8851e-1, 1.032e-2, 4.12e-3, 8.35e-3, 3.91e-3, 2.159e-2, 6.952e-2, 2.231e-2, 8.733e-2, 4.7172e-1, 8.652e-2 ],
			[ 1.50e-4, 5.3e-4, 1.50e-3, 4.3e-4, 2.66e-3, 1.058e-2, 1.45e-3, 1.049e-2, 1.9728e-1, 1.70e-3, 3.95e-3, 1.073e-2, 3.96e-3, 2.188e-2, 8.606e-2, 1.185e-2, 8.814e-2, 5.4666e-1 ],
			[ 6.655e-2, 1.049e-2, 1.39e-3, 1.034e-2, 2.54e-3, 5.4e-4, 1.44e-3, 4.10e-4, 9.0e-5, 6.4842e-1, 1.0089e-1, 1.019e-2, 1.0289e-1, 2.368e-2, 4.33e-3, 9.92e-3, 4.38e-3, 1.51e-3 ],
			[ 1.057e-2, 5.666e-2, 1.056e-2, 2.43e-3, 8.36e-3, 2.67e-3, 4.20e-4, 9.10e-4, 4.60e-4, 1.0091e-1, 5.5816e-1, 1.0232e-1, 2.426e-2, 8.03e-2, 2.494e-2, 4.30e-3, 7.75e-3, 4.02e-3 ],
			[ 1.48e-3, 1.006e-2, 6.554e-2, 4.90e-4, 2.44e-3, 1.057e-2, 2.00e-4, 4.1e-4, 1.17e-3, 1.057e-2, 1.0231e-1, 6.4853e-1, 4.27e-3, 2.434e-2, 1.0155e-1, 1.70e-3, 4.18e-3, 1.019e-2 ],
			[ 1.041e-2, 2.25e-3, 4.9e-4, 5.878e-2, 8.05e-3, 1.24e-3, 1.031e-2, 2.37e-3, 5.40e-4, 1.0148e-1, 2.449e-2, 4.43e-3, 5.5578e-1, 8.032e-2, 7.29e-3, 1.024e-1, 2.509e-2, 4.28e-3 ],
			[ 2.69e-3, 8.35e-3, 2.75e-3, 8.3e-3, 4.988e-2, 7.77e-3, 2.78e-3, 8.02e-3, 2.38e-3, 2.506e-2, 8.147e-2, 2.376e-2, 8.117e-2, 4.818e-1, 8.106e-2, 2.394e-2, 8.333e-2, 2.549e-2 ],
			[ 4.9e-4, 2.9e-3, 1.053e-2, 9.6e-4, 8.53e-3, 5.733e-2, 4.3e-4, 2.68e-3, 1.12e-2, 4.09e-3, 2.511e-2, 1.0258e-1, 7.5e-3, 8.155e-2, 5.5503e-1, 4.32e-3, 2.418e-2, 1.0059e-1 ],
			[ 1.33e-3, 4.00e-4, 1.90e-4, 1.044e-2, 2.44e-3, 4.00e-4, 6.653e-2, 1.052e-2, 1.29e-3, 1.065e-2, 4.36e-3, 1.77e-3, 1.0115e-1, 2.437e-2, 3.88e-3, 6.4745e-1, 1.0256e-1, 1.027e-2 ],
			[ 4.60e-4, 9.9e-4, 5.7e-4, 2.57e-3, 8.08e-3, 2.63e-3, 1.073e-2, 5.716e-2, 1.032e-2, 4.18e-3, 7.71e-3, 3.85e-3, 2.518e-2, 8.109e-2, 2.417e-2, 1.0092e-1, 5.5737e-1, 1.0202e-1 ],
			[ 2.4e-4, 6.1e-4, 1.42e-3, 5.3e-4, 2.60e-3, 1.073e-2, 1.31e-3, 9.83e-3, 6.725e-2, 1.66e-3, 4.38e-3, 9.65e-3, 4.65e-3, 2.477e-2, 1.004e-1, 1.01e-2, 1.0314e-1, 6.4673e-1 ] ]


pvvc_E6 = [ [ 2.2482e-1, 9.77e-3, 1.45e-3, 9.44e-3, 2.32e-3, 3.1e-4, 1.26e-3, 2.90e-4, 1.10e-4, 5.5253e-1, 7.868e-2, 8.28e-3, 7.816e-2, 1.786e-2, 2.79e-3, 8.24e-3, 2.58e-3, 1.11e-3 ],
			[ 9.57e-3, 2.1521e-1, 9.98e-3, 1.9e-3, 7.55e-3, 1.88e-3, 2.4e-4, 1.04e-3, 3.2e-4, 7.944e-2, 4.8131e-1, 7.841e-2, 1.812e-2, 6.528e-2, 1.781e-2, 2.6e-3, 6.43e-3, 2.91e-3 ],
			[ 1.14e-3, 9.36e-3, 2.2354e-1, 2.90e-4, 2.02e-3, 9.73e-3, 1.20e-4, 2.4e-4, 1.27e-3, 8.52e-3, 7.966e-2, 5.5263e-1, 2.52e-3, 1.856e-2, 7.806e-2, 1.02e-3, 2.73e-3, 8.59e-3 ],
			[ 9.55e-3, 1.98e-3, 2.50e-4, 2.1585e-1, 7.81e-3, 1.16e-3, 9.73e-3, 2.2e-3, 2.70e-4, 7.884e-2, 1.844e-2, 2.92e-3, 4.7922e-1, 6.476e-2, 6.67e-3, 7.95e-2, 1.762e-2, 3.23e-3 ],
			[ 1.86e-3, 7.86e-3, 2.2e-3, 7.91e-3, 2.0829e-1, 8.04e-3, 2.05e-3, 7.95e-3, 1.93e-3, 1.792e-2, 6.474e-2, 1.817e-2, 6.527e-2, 4.2262e-1, 6.34e-2, 1.873e-2, 6.251e-2, 1.855e-2 ],
			[ 3.00e-4, 2.19e-3, 9.47e-3, 1.13e-3, 7.54e-3, 2.1471e-1, 2.50e-4, 1.91e-3, 9.88e-3, 3.04e-3, 1.756e-2, 8.084e-2, 6.65e-3, 6.313e-2, 4.813e-1, 2.59e-3, 1.822e-2, 7.929e-2 ],
			[ 1.24e-3, 2.50e-4, 1.40e-4, 1.025e-2, 2.33e-3, 3.1e-4, 2.2416e-1, 9.83e-3, 1.23e-3, 8.51e-3, 2.95e-3, 9.5e-4, 7.922e-2, 1.794e-2, 2.75e-3, 5.5061e-1, 7.843e-2, 8.9e-3 ],
			[ 2.6e-4, 9.00e-4, 3.5e-4, 2.30e-3, 8.53e-3, 1.95e-3, 9.55e-3, 2.1543e-1, 9.68e-3, 2.68e-3, 6.29e-3, 2.58e-3, 1.782e-2, 6.351e-2, 1.828e-2, 7.972e-2, 4.8087e-1, 7.93e-2 ],
			[ 5.00e-5, 3.3e-4, 1.13e-3, 3.00e-4, 2.18e-3, 9.92e-3, 1.20e-3, 9.92e-3, 2.2365e-1, 9.80e-4, 2.79e-3, 7.99e-3, 2.65e-3, 1.827e-2, 7.835e-2, 8.78e-3, 7.969e-2, 5.5182e-1 ],
			[ 7.06e-2, 1.008e-2, 1.20e-3, 9.87e-3, 2.12e-3, 4.10e-4, 1.03e-3, 2.8e-4, 4.00e-5, 6.6867e-1, 9.595e-2, 7.55e-3, 9.734e-2, 2.051e-2, 3.03e-3, 7.56e-3, 2.98e-3, 7.80e-4 ],
			[ 1.022e-2, 6.069e-2, 1.016e-2, 2.02e-3, 7.96e-3, 2.44e-3, 3.20e-4, 8.00e-4, 3.4e-4, 9.653e-2, 5.8009e-1, 9.686e-2, 2.096e-2, 7.724e-2, 2.159e-2, 3.08e-3, 5.81e-3, 2.89e-3 ],
			[ 1.08e-3, 9.62e-3, 6.999e-2, 4.30e-4, 2.24e-3, 1.008e-2, 1.70e-4, 2.90e-4, 9.9e-4, 8.04e-3, 9.623e-2, 6.6869e-1, 3.11e-3, 2.114e-2, 9.648e-2, 1.01e-3, 2.93e-3, 7.48e-3 ],
			[ 1.017e-2, 2.14e-3, 3.5e-4, 6.378e-2, 7.85e-3, 1.00e-3, 1.014e-2, 2.13e-3, 3.90e-4, 9.647e-2, 2.083e-2, 3.08e-3, 5.7728e-1, 7.7e-2, 5.67e-3, 9.70e-2, 2.156e-2, 3.16e-3 ],
			[ 2.24e-3, 7.95e-3, 2.58e-3, 8.12e-3, 5.438e-2, 7.92e-3, 2.44e-3, 8.05e-3, 2.12e-3, 2.165e-2, 7.895e-2, 2.046e-2, 7.758e-2, 5.0569e-1, 7.731e-2, 2.049e-2, 7.983e-2, 2.224e-2 ],
			[ 3.6e-4, 2.41e-3, 1.023e-2, 7.4e-4, 8.36e-3, 6.218e-2, 3.3e-4, 2.33e-3, 1.104e-2, 2.97e-3, 2.16e-2, 9.693e-2, 5.78e-3, 7.831e-2, 5.7739e-1, 3.00e-3, 2.075e-2, 9.529e-2 ],
			[ 1.07e-3, 3.1e-4, 1.2e-4, 9.68e-3, 2.12e-3, 2.50e-4, 7.088e-2, 9.85e-3, 9.9e-4, 7.81e-3, 3.12e-3, 1.1e-3, 9.628e-2, 2.089e-2, 2.75e-3, 6.6726e-1, 9.784e-2, 7.68e-3 ],
			[ 2.90e-4, 8.50e-4, 3.7e-4, 2.34e-3, 7.69e-3, 2.49e-3, 1.005e-2, 6.205e-2, 9.92e-3, 2.81e-3, 6.02e-3, 2.57e-3, 2.171e-2, 7.742e-2, 2.06e-2, 9.605e-2, 5.7991e-1, 9.686e-2 ],
			[ 1.4e-4, 4.20e-4, 1.04e-3, 3.5e-4, 2.29e-3, 1.039e-2, 1.01e-3, 9.36e-3, 7.14e-2, 1.03e-3, 2.92e-3, 7.25e-3, 3.21e-3, 2.142e-2, 9.493e-2, 7.58e-3, 9.799e-2, 6.6727e-1 ] ]


pvvc_E7 = [ [ 2.435e-1, 8.40e-3, 8.4e-4, 7.92e-3, 1.61e-3, 1.50e-4, 7.50e-4, 1.70e-4, 3.00e-5, 5.6992e-1, 6.969e-2, 5.66e-3, 6.934e-2, 1.328e-2, 1.43e-3, 5.44e-3, 1.31e-3, 5.6e-4 ],
			[ 7.93e-3, 2.3486e-1, 8.24e-3, 1.4e-3, 6.32e-3, 1.18e-3, 8.00e-5, 6.90e-4, 1.60e-4, 6.954e-2, 5.0643e-1, 6.891e-2, 1.367e-2, 5.936e-2, 1.342e-2, 1.49e-3, 4.55e-3, 1.77e-3 ],
			[ 6.7e-4, 7.98e-3, 2.4204e-1, 1.40e-4, 1.50e-3, 8.47e-3, 6.00e-5, 1.4e-4, 7.90e-4, 5.72e-3, 7.003e-2, 5.7055e-1, 1.28e-3, 1.41e-2, 6.9e-2, 5.10e-4, 1.43e-3, 5.59e-3 ],
			[ 7.96e-3, 1.47e-3, 1.50e-4, 2.365e-1, 6.51e-3, 8.5e-4, 7.94e-3, 1.47e-3, 1.60e-4, 6.947e-2, 1.416e-2, 1.74e-3, 5.0237e-1, 5.914e-2, 4.25e-3, 7.072e-2, 1.344e-2, 1.70e-3 ],
			[ 1.21e-3, 6.75e-3, 1.54e-3, 6.95e-3, 2.2945e-1, 7.02e-3, 1.56e-3, 6.82e-3, 1.49e-3, 1.362e-2, 5.845e-2, 1.371e-2, 5.916e-2, 4.5096e-1, 5.715e-2, 1.398e-2, 5.609e-2, 1.409e-2 ],
			[ 1.80e-4, 1.65e-3, 8.14e-3, 8.6e-4, 6.34e-3, 2.3589e-1, 1.10e-4, 1.47e-3, 7.98e-3, 1.74e-3, 1.307e-2, 7.124e-2, 4.6e-3, 5.644e-2, 5.0467e-1, 1.57e-3, 1.418e-2, 6.987e-2 ],
			[ 7.50e-4, 1.20e-4, 9.0e-5, 8.41e-3, 1.69e-3, 1.60e-4, 2.4301e-1, 8.19e-3, 7.40e-4, 5.38e-3, 1.7e-3, 5.5e-4, 7.056e-2, 1.32e-2, 1.52e-3, 5.694e-1, 6.874e-2, 5.79e-3 ],
			[ 1.10e-4, 6.2e-4, 2.1e-4, 1.53e-3, 7.09e-3, 1.52e-3, 8.11e-3, 2.3558e-1, 8.43e-3, 1.56e-3, 4.21e-3, 1.42e-3, 1.336e-2, 5.759e-2, 1.374e-2, 7.01e-2, 5.0475e-1, 7.007e-2 ],
			[ 4.00e-5, 1.60e-4, 7.10e-4, 1.30e-4, 1.54e-3, 7.97e-3, 7.2e-4, 8.27e-3, 2.4234e-1, 4.7e-4, 1.58e-3, 5.22e-3, 1.59e-3, 1.392e-2, 6.858e-2, 5.66e-3, 7.066e-2, 5.7044e-1 ],
			[ 7.085e-2, 8.61e-3, 8.4e-4, 8.60e-3, 1.48e-3, 1.90e-4, 6.40e-4, 2.10e-4, 3.00e-5, 6.9997e-1, 8.853e-2, 5.16e-3, 8.953e-2, 1.609e-2, 1.96e-3, 5.23e-3, 1.70e-3, 3.8e-4 ],
			[ 9.0e-3, 6.172e-2, 8.69e-3, 1.61e-3, 7.02e-3, 1.83e-3, 2.50e-4, 5.4e-4, 1.50e-4, 8.913e-2, 6.161e-1, 8.935e-2, 1.692e-2, 7.298e-2, 1.717e-2, 1.68e-3, 4.04e-3, 1.82e-3 ],
			[ 6.30e-4, 8.42e-3, 6.997e-2, 2.20e-4, 1.68e-3, 8.30e-3, 7.00e-5, 1.80e-4, 6.50e-4, 5.39e-3, 8.865e-2, 7.0013e-1, 1.68e-3, 1.715e-2, 8.982e-2, 4.7e-4, 1.62e-3, 4.97e-3 ],
			[ 8.68e-3, 1.61e-3, 2.00e-4, 6.509e-2, 6.77e-3, 6.80e-4, 8.82e-3, 1.51e-3, 2.1e-4, 8.939e-2, 1.721e-2, 1.67e-3, 6.1103e-1, 7.392e-2, 3.73e-3, 9.025e-2, 1.739e-2, 1.84e-3 ],
			[ 1.70e-3, 7.19e-3, 1.82e-3, 6.93e-3, 5.632e-2, 6.86e-3, 1.83e-3, 7.10e-3, 1.62e-3, 1.764e-2, 7.413e-2, 1.673e-2, 7.349e-2, 5.4412e-1, 7.313e-2, 1.622e-2, 7.532e-2, 1.785e-2 ],
			[ 2.00e-4, 1.8e-3, 8.59e-3, 4.70e-4, 7.44e-3, 6.264e-2, 2.00e-4, 1.56e-3, 9.56e-3, 1.71e-3, 1.741e-2, 9.086e-2, 3.88e-3, 7.415e-2, 6.1231e-1, 1.70e-3, 1.673e-2, 8.879e-2 ],
			[ 6.30e-4, 1.20e-4, 6.00e-5, 8.48e-3, 1.52e-3, 1.30e-4, 7.049e-2, 8.48e-3, 6.5e-4, 5.27e-3, 1.73e-3, 5.20e-4, 8.864e-2, 1.677e-2, 1.46e-3, 6.9954e-1, 9.051e-2, 5.0e-3 ],
			[ 1.40e-4, 5.40e-4, 2.00e-4, 1.73e-3, 6.67e-3, 1.74e-3, 8.30e-3, 6.314e-2, 8.53e-3, 1.60e-3, 4.09e-3, 1.41e-3, 1.725e-2, 7.385e-2, 1.668e-2, 8.917e-2, 6.1513e-1, 8.983e-2 ],
			[ 3.00e-5, 2.30e-4, 6.2e-4, 2.1e-4, 1.73e-3, 8.8e-3, 6.4e-4, 7.99e-3, 7.07e-2, 5.80e-4, 1.75e-3, 4.92e-3, 1.86e-3, 1.692e-2, 8.82e-2, 5.45e-3, 9.023e-2, 6.9914e-1 ] ]


pvvc_E8 = [ [ 2.6728e-1, 6.52e-3, 4.3e-4, 6.21e-3, 9.3e-4, 6.00e-5, 4.4e-4, 6.00e-5, 1.00e-5, 5.8528e-1, 5.825e-2, 2.96e-3, 5.781e-2, 9.04e-3, 6.6e-4, 3.34e-3, 5.6e-4, 1.60e-4 ],
			[ 6.05e-3, 2.602e-1, 6.62e-3, 7.2e-4, 5.07e-3, 7.60e-4, 2.00e-5, 3.20e-4, 7.00e-5, 5.823e-2, 5.3141e-1, 5.759e-2, 9.34e-3, 5.078e-2, 8.73e-3, 6.6e-4, 2.58e-3, 8.5e-4 ],
			[ 3.9e-4, 6.2e-3, 2.6521e-1, 5.00e-5, 9.40e-4, 6.56e-3, 1.00e-5, 6.00e-5, 5.30e-4, 3.25e-3, 5.851e-2, 5.8626e-1, 6.6e-4, 9.89e-3, 5.736e-2, 2.00e-4, 6.9e-4, 3.23e-3 ],
			[ 5.91e-3, 7.4e-4, 7.00e-5, 2.6118e-1, 5.32e-3, 4.60e-4, 6.12e-3, 8.20e-4, 2.00e-5, 5.833e-2, 9.56e-3, 7.3e-4, 5.2857e-1, 5.114e-2, 2.45e-3, 5.869e-2, 9.19e-3, 7.00e-4 ],
			[ 6.8e-4, 5.18e-3, 9.40e-4, 5.40e-3, 2.5509e-1, 5.7e-3, 9.60e-4, 5.39e-3, 9.30e-4, 9.13e-3, 5.016e-2, 9.09e-3, 5.122e-2, 4.8359e-1, 4.939e-2, 9.56e-3, 4.815e-2, 9.44e-3 ],
			[ 6.00e-5, 1.0e-3, 6.47e-3, 4.9e-4, 5.10e-3, 2.6082e-1, 6.00e-5, 9.10e-4, 6.26e-3, 7.2e-4, 8.91e-3, 5.923e-2, 2.66e-3, 4.80e-2, 5.3087e-1, 6.00e-4, 9.53e-3, 5.831e-2 ],
			[ 4.8e-4, 4.00e-5, 1.00e-5, 6.35e-3, 1.05e-3, 6.00e-5, 2.6634e-1, 6.35e-3, 4.4e-4, 2.93e-3, 7.90e-4, 2.40e-4, 5.899e-2, 9.03e-3, 6.80e-4, 5.8604e-1, 5.695e-2, 3.23e-3 ],
			[ 2.00e-5, 3.9e-4, 8.00e-5, 8.80e-4, 5.76e-3, 9.00e-4, 6.22e-3, 2.6013e-1, 6.07e-3, 7.90e-4, 2.29e-3, 6.9e-4, 8.97e-3, 4.945e-2, 9.53e-3, 5.884e-2, 5.2981e-1, 5.918e-2 ],
			[ 1.00e-5, 7.00e-5, 4.1e-4, 7.0e-5, 9.60e-4, 6.19e-3, 5.00e-4, 6.20e-3, 2.6641e-1, 1.4e-4, 6.30e-4, 3.05e-3, 7.30e-4, 9.27e-3, 5.655e-2, 3.00e-3, 5.945e-2, 5.8636e-1 ],
			[ 6.938e-2, 6.86e-3, 4.00e-4, 6.76e-3, 9.9e-4, 1.00e-4, 4.2e-4, 8.00e-5, 0.0, 7.3506e-1, 7.99e-2, 2.69e-3, 8.05e-2, 1.192e-2, 9.9e-4, 3.01e-3, 7.50e-4, 1.90e-4 ],
			[ 7.19e-3, 6.153e-2, 7.04e-3, 1.08e-3, 5.69e-3, 1.22e-3, 7.0e-5, 3.5e-4, 4.00e-5, 8.01e-2, 6.5746e-1, 8.04e-2, 1.273e-2, 6.797e-2, 1.282e-2, 8.3e-4, 2.53e-3, 9.50e-4 ],
			[ 2.90e-4, 6.81e-3, 6.846e-2, 1.10e-4, 1.15e-3, 6.41e-3, 1.00e-5, 6.00e-5, 3.1e-4, 3.12e-3, 7.951e-2, 7.36e-1, 8.4e-4, 1.29e-2, 8.032e-2, 1.90e-4, 7.60e-4, 2.75e-3 ],
			[ 6.87e-3, 9.9e-4, 9.0e-5, 6.499e-2, 5.39e-3, 3.80e-4, 7.11e-3, 9.6e-4, 9.00e-5, 8.085e-2, 1.275e-2, 8.20e-4, 6.5264e-1, 6.815e-2, 2.42e-3, 8.154e-2, 1.298e-2, 9.8e-4 ],
			[ 1.02e-3, 5.95e-3, 1.12e-3, 5.97e-3, 5.667e-2, 5.83e-3, 1.18e-3, 5.67e-3, 1.08e-3, 1.343e-2, 6.835e-2, 1.246e-2, 6.779e-2, 5.9109e-1, 6.747e-2, 1.195e-2, 6.979e-2, 1.318e-2 ],
			[ 6.00e-5, 1.12e-3, 6.43e-3, 2.30e-4, 6.00e-3, 6.253e-2, 1.00e-4, 1.02e-3, 7.82e-3, 7.70e-4, 1.33e-2, 8.182e-2, 2.44e-3, 6.842e-2, 6.545e-1, 8.80e-4, 1.245e-2, 8.011e-2 ],
			[ 3.10e-4, 6.00e-5, 5.00e-5, 6.68e-3, 9.3e-4, 6.00e-5, 6.889e-2, 6.94e-3, 3.9e-4, 2.92e-3, 7.70e-4, 1.90e-4, 7.952e-2, 1.255e-2, 6.90e-4, 7.3538e-1, 8.106e-2, 2.61e-3 ],
			[ 5.00e-5, 2.50e-4, 1.20e-4, 1.13e-3, 5.22e-3, 1.09e-3, 6.62e-3, 6.342e-2, 6.63e-3, 8.6e-4, 2.41e-3, 5.90e-4, 1.304e-2, 6.78e-2, 1.274e-2, 8.041e-2, 6.571e-1, 8.052e-2 ],
			[ 0.0, 1.4e-4, 3.60e-4, 1.00e-4, 1.08e-3, 6.78e-3, 3.8e-4, 6.53e-3, 6.872e-2, 2.10e-4, 8.2e-4, 2.92e-3, 9.10e-4, 1.287e-2, 7.887e-2, 3.26e-3, 8.084e-2, 7.3521e-1 ] ]


pvvc_E9 = [ [ 3.3777e-1, 3.22e-3, 9.00e-5, 3.32e-3, 2.7e-4, 2.00e-5, 9.00e-5, 0.0, 0.0, 5.8007e-1, 3.468e-2, 7.3e-4, 3.551e-2, 3.29e-3, 9.0e-5, 7.40e-4, 1.00e-4, 1.00e-5 ],
			[ 3.21e-3, 3.3028e-1, 3.34e-3, 2.6e-4, 2.50e-3, 2.00e-4, 0.0, 5.00e-5, 0.0, 3.547e-2, 5.4811e-1, 3.606e-2, 3.56e-3, 3.274e-2, 3.36e-3, 8.00e-5, 6.8e-4, 1.00e-4 ],
			[ 6.00e-5, 3.02e-3, 3.35e-1, 1.00e-5, 2.60e-4, 3.25e-3, 0.0, 0.0, 1.30e-4, 8.1e-4, 3.58e-2, 5.8188e-1, 1.10e-4, 3.63e-3, 3.511e-2, 2.00e-5, 1.00e-4, 8.1e-4 ],
			[ 2.82e-3, 3.0e-4, 0.0, 3.3204e-1, 2.84e-3, 5.00e-5, 3.27e-3, 3.00e-4, 0.0, 3.542e-2, 3.54e-3, 5.00e-5, 5.4676e-1, 3.286e-2, 5.90e-4, 3.556e-2, 3.51e-3, 9.00e-5 ],
			[ 2.50e-4, 2.66e-3, 2.1e-4, 3.15e-3, 3.2868e-1, 3.3e-3, 3.1e-4, 2.70e-3, 2.7e-4, 3.3e-3, 3.218e-2, 3.26e-3, 3.341e-2, 5.1623e-1, 3.223e-2, 3.64e-3, 3.069e-2, 3.53e-3 ],
			[ 1.00e-5, 1.90e-4, 3.45e-3, 7.0e-5, 2.96e-3, 3.317e-1, 1.00e-5, 2.20e-4, 3.17e-3, 9.00e-5, 3.51e-3, 3.634e-2, 6.20e-4, 3.07e-2, 5.4709e-1, 7.0e-5, 3.52e-3, 3.626e-2 ],
			[ 9.00e-5, 1.00e-5, 0.0, 3.26e-3, 3.2e-4, 2.00e-5, 3.351e-1, 3.32e-3, 8.00e-5, 7.4e-4, 5.00e-5, 0.0, 3.631e-2, 3.32e-3, 1.60e-4, 5.8181e-1, 3.458e-2, 8.30e-4 ],
			[ 0.0, 3.00e-5, 0.0, 2.50e-4, 3.08e-3, 3.5e-4, 3.08e-3, 3.3063e-1, 3.04e-3, 1.10e-4, 6.1e-4, 5.00e-5, 3.1e-3, 3.214e-2, 3.33e-3, 3.5e-2, 5.4889e-1, 3.631e-2 ],
			[ 0.0, 0.0, 1.00e-4, 0.0, 2.20e-4, 3.02e-3, 8.00e-5, 3.23e-3, 3.3482e-1, 3.00e-5, 1.00e-4, 6.6e-4, 9.00e-5, 3.41e-3, 3.505e-2, 8.50e-4, 3.588e-2, 5.8246e-1 ],
			[ 6.627e-2, 4.28e-3, 8.0e-5, 3.9e-3, 3.5e-4, 2.00e-5, 1.00e-4, 1.00e-5, 0.0, 7.9237e-1, 6.155e-2, 7.50e-4, 6.299e-2, 6.38e-3, 1.4e-4, 6.9e-4, 1.00e-4, 2.00e-5 ],
			[ 4.31e-3, 6.296e-2, 4.11e-3, 3.00e-4, 3.75e-3, 4.9e-4, 0.0, 1.00e-4, 0.0, 6.275e-2, 7.2778e-1, 6.281e-2, 6.75e-3, 5.609e-2, 6.89e-3, 8.00e-5, 7.0e-4, 1.3e-4 ],
			[ 6.0e-5, 4.02e-3, 6.682e-2, 2.00e-5, 4.00e-4, 3.89e-3, 0.0, 0.0, 6.00e-5, 8.00e-4, 6.237e-2, 7.9212e-1, 1.50e-4, 6.6e-3, 6.186e-2, 2.00e-5, 1.20e-4, 6.90e-4 ],
			[ 4.02e-3, 2.90e-4, 2.00e-5, 6.445e-2, 3.69e-3, 6.00e-5, 4.21e-3, 3.7e-4, 3.00e-5, 6.237e-2, 6.69e-3, 1.20e-4, 7.2639e-1, 5.539e-2, 7.3e-4, 6.429e-2, 6.76e-3, 1.20e-4 ],
			[ 4.10e-4, 3.94e-3, 4.4e-4, 3.7e-3, 5.841e-2, 3.51e-3, 4.3e-4, 3.54e-3, 4.1e-4, 6.93e-3, 5.662e-2, 6.79e-3, 5.556e-2, 6.7329e-1, 5.519e-2, 6.58e-3, 5.71e-2, 7.15e-3 ],
			[ 0.0, 3.60e-4, 3.84e-3, 6.00e-5, 3.53e-3, 6.358e-2, 1.00e-5, 3.7e-4, 4.24e-3, 1.20e-4, 6.95e-3, 6.334e-2, 8.1e-4, 5.634e-2, 7.2698e-1, 1.60e-4, 6.35e-3, 6.296e-2 ],
			[ 7.00e-5, 0.0, 1.00e-5, 4.26e-3, 2.40e-4, 0.0, 6.61e-2, 4.29e-3, 4.00e-5, 8.1e-4, 7.00e-5, 3.00e-5, 6.147e-2, 6.69e-3, 1.10e-4, 7.9368e-1, 6.139e-2, 7.40e-4 ],
			[ 1.00e-5, 8.00e-5, 0.0, 4.1e-4, 3.41e-3, 4.1e-4, 3.95e-3, 6.338e-2, 4.22e-3, 1.4e-4, 7.60e-4, 7.0e-5, 6.63e-3, 5.464e-2, 6.6e-3, 6.276e-2, 7.3043e-1, 6.21e-2 ],
			[ 0.0, 2.00e-5, 9.0e-5, 1.00e-5, 3.9e-4, 4.02e-3, 1.00e-4, 3.68e-3, 6.627e-2, 2.00e-5, 1.10e-4, 8.00e-4, 1.00e-4, 6.72e-3, 6.226e-2, 8.6e-4, 6.318e-2, 7.9137e-1 ] ]

pvvc_all = [ pvvc_E0, pvvc_E1, pvvc_E2, pvvc_E3, pvvc_E4, pvvc_E5, pvvc_E6, pvvc_E7, pvvc_E8, pvvc_E9 ]